<llsd><map><key>camera_origin</key><array><real>204.16609191894531</real><real>191.77365112304687</real><real>77.030532836914063</real></array><key>camera_view</key><real>1.0122665166854858</real><key>camera_xaxis</key><array><real>0.12656904757022858</real><real>-0.96037572622299194</real><real>-0.24831211566925049</real></array><key>camera_yaxis</key><array><real>0.99142712354660034</real><real>0.13066135346889496</real><real>-0</real></array><key>camera_zaxis</key><array><real>0.032444797456264496</real><real>-0.2461833655834198</real><real>0.96868020296096802</real></array><key>target</key><array><real>464332.55807495117</real><real>306620.79937744141</real><real>75.005172729492187</real></array><key>time</key><real>0.00018127188377548009</real><key>type</key><integer>0</integer></map></llsd>
<llsd><map><key>camera_origin</key><array><real>204.16609191894531</real><real>191.77365112304687</real><real>77.030532836914063</real></array><key>camera_view</key><real>1.0122665166854858</real><key>camera_xaxis</key><array><real>0.12656904757022858</real><real>-0.96037572622299194</real><real>-0.24831211566925049</real></array><key>camera_yaxis</key><array><real>0.99142712354660034</real><real>0.13066135346889496</real><real>-0</real></array><key>camera_zaxis</key><array><real>0.032444797456264496</real><real>-0.2461833655834198</real><real>0.96868020296096802</real></array><key>target</key><array><real>464332.55807495117</real><real>306620.79937744141</real><real>75.005172729492187</real></array><key>time</key><real>1.017167329788208</real><key>type</key><integer>0</integer></map></llsd>
<llsd><map><key>camera_origin</key><array><real>204.65191650390625</real><real>189.33323669433594</real><real>77.030540466308594</real></array><key>camera_view</key><real>1.0122665166854858</real><key>camera_xaxis</key><array><real>0.059301488101482391</real><real>-0.96683496236801147</real><real>-0.24842225015163422</real></array><key>camera_yaxis</key><array><real>0.99812424182891846</real><real>0.061220638453960419</real><real>-0</real></array><key>camera_zaxis</key><array><real>0.015208568423986435</real><real>-0.24795627593994141</real><real>0.96865189075469971</real></array><key>target</key><array><real>464332.84985351563</real><real>306618.34153747559</real><real>75.005180358886719</real></array><key>time</key><real>2.039238452911377</real><key>type</key><integer>0</integer></map></llsd>
<llsd><map><key>camera_origin</key><array><real>204.84075927734375</real><real>186.41033935546875</real><real>77.030540466308594</real></array><key>camera_view</key><real>1.0122665166854858</real><key>camera_xaxis</key><array><real>0.046721186488866806</real><real>-0.96754944324493408</real><real>-0.24832478165626526</real></array><key>camera_yaxis</key><array><real>0.99883610010147095</real><real>0.048231963068246841</real><real>-0</real></array><key>camera_zaxis</key><array><real>0.011977192014455795</real><real>-0.24803575873374939</real><real>0.96867674589157104</real></array><key>target</key><array><real>464332.98684692383</real><real>306615.41412353516</real><real>75.005180358886719</real></array><key>time</key><real>3.0432541370391846</real><key>type</key><integer>0</integer></map></llsd>
<llsd><map><key>camera_origin</key><array><real>205.09765625</real><real>183.21241760253906</real><real>77.030540466308594</real></array><key>camera_view</key><real>1.0122665166854858</real><key>camera_xaxis</key><array><real>-0.0081766080111265182</real><real>-0.96853750944137573</real><real>-0.24873322248458862</real></array><key>camera_yaxis</key><array><real>0.99996429681777954</real><real>-0.0084419203922152519</real><real>0</real></array><key>camera_zaxis</key><array><real>-0.0020997859537601471</real><real>-0.24872434139251709</real><real>0.96857196092605591</real></array><key>target</key><array><real>464333.13816833496</real><real>306612.21702575684</real><real>75.005180358886719</real></array><key>time</key><real>4.0500121116638184</real><key>type</key><integer>0</integer></map></llsd>
<llsd><map><key>camera_origin</key><array><real>205.23728942871094</real><real>179.76408386230469</real><real>77.030540466308594</real></array><key>camera_view</key><real>1.0122665166854858</real><key>camera_xaxis</key><array><real>-0.062330346554517746</real><real>-0.96665447950363159</real><real>-0.24838252365589142</real></array><key>camera_yaxis</key><array><real>0.99792754650115967</real><real>-0.064346849918365479</real><real>0</real></array><key>camera_zaxis</key><array><real>-0.015982633456587791</real><real>-0.24786776304244995</real><real>0.96866190433502197</real></array><key>target</key><array><real>464333.04426574707</real><real>306608.77151489258</real><real>75.005180358886719</real></array><key>time</key><real>5.1173028945922852</real><key>type</key><integer>0</integer></map></llsd>
<llsd><map><key>camera_origin</key><array><real>204.94894409179687</real><real>176.91233825683594</real><real>77.030540466308594</real></array><key>camera_view</key><real>1.0122665166854858</real><key>camera_xaxis</key><array><real>0.00039914963417686522</real><real>-0.96866965293884277</real><real>-0.24835237860679626</real></array><key>camera_yaxis</key><array><real>0.99999994039535522</real><real>0.00041205956949852407</real><real>-0</real></array><key>camera_zaxis</key><array><real>0.00010233597276965156</real><real>-0.24835236370563507</real><real>0.96866977214813232</real></array><key>target</key><array><real>464332.9455871582</real><real>306605.91302490234</real><real>75.005180358886719</real></array><key>time</key><real>6.1247124671936035</real><key>type</key><integer>0</integer></map></llsd>
<llsd><map><key>camera_origin</key><array><real>204.94654846191406</real><real>173.50291442871094</real><real>77.030540466308594</real></array><key>camera_view</key><real>1.0122665166854858</real><key>camera_xaxis</key><array><real>0.0044971518218517303</real><real>-0.96866875886917114</real><real>-0.24831520020961761</real></array><key>camera_yaxis</key><array><real>0.99998921155929565</real><real>0.0046425606124103069</real><real>-0</real></array><key>camera_zaxis</key><array><real>0.0011528183240443468</real><real>-0.24831251800060272</real><real>0.96867918968200684</real></array><key>target</key><array><real>464332.96011352539</real><real>306602.50300598145</real><real>75.005180358886719</real></array><key>time</key><real>7.1786627769470215</real><key>type</key><integer>0</integer></map></llsd>
<llsd><map><key>camera_origin</key><array><real>204.959228515625</real><real>170.22610473632812</real><real>77.030540466308594</real></array><key>camera_view</key><real>1.0122665166854858</real><key>camera_xaxis</key><array><real>0.0048148874193429947</real><real>-0.96866810321807861</real><real>-0.24831219017505646</real></array><key>camera_yaxis</key><array><real>0.99998760223388672</real><real>0.0049705649726092815</real><real>-0</real></array><key>camera_zaxis</key><array><real>0.0012342518894001842</real><real>-0.24830910563468933</real><real>0.96868002414703369</real></array><key>target</key><array><real>464332.97410583496</real><real>306599.2261505127</real><real>75.005180358886719</real></array><key>time</key><real>8.2034873962402344</real><key>type</key><integer>0</integer></map></llsd>
<llsd><map><key>camera_origin</key><array><real>204.97886657714844</real><real>167.07260131835937</real><real>77.019607543945313</real></array><key>camera_view</key><real>1.0122665166854858</real><key>camera_xaxis</key><array><real>0.0048407530412077904</real><real>-0.96866792440414429</real><real>-0.24831214547157288</real></array><key>camera_yaxis</key><array><real>0.99998754262924194</real><real>0.0049972673878073692</real><real>-0</real></array><key>camera_zaxis</key><array><real>0.0012408822076395154</real><real>-0.24830904603004456</real><real>0.96868002414703369</real></array><key>target</key><array><real>464332.99385070801</real><real>306596.07264709473</real><real>74.994247436523438</real></array><key>time</key><real>9.2225818634033203</real><key>type</key><integer>0</integer></map></llsd>
<llsd><map><key>camera_origin</key><array><real>204.99330139160156</real><real>164.01211547851563</real><real>77.028068542480469</real></array><key>camera_view</key><real>1.0122665166854858</real><key>camera_xaxis</key><array><real>0.0048444308340549469</real><real>-0.96866810321807861</real><real>-0.24831125140190125</real></array><key>camera_yaxis</key><array><real>0.99998748302459717</real><real>0.0050010629929602146</real><real>-0</real></array><key>camera_zaxis</key><array><real>0.001241820165887475</real><real>-0.24830813705921173</real><real>0.96868020296096802</real></array><key>target</key><array><real>464333.00830078125</real><real>306593.01214599609</real><real>75.002708435058594</real></array><key>time</key><real>10.256239891052246</real><key>type</key><integer>0</integer></map></llsd>
<llsd><map><key>camera_origin</key><array><real>205.00765991210937</real><real>160.64749145507812</real><real>77.028068542480469</real></array><key>camera_view</key><real>1.0122665166854858</real><key>camera_xaxis</key><array><real>0.0048444308340549469</real><real>-0.96866810321807861</real><real>-0.24831125140190125</real></array><key>camera_yaxis</key><array><real>0.99998748302459717</real><real>0.0050010629929602146</real><real>-0</real></array><key>camera_zaxis</key><array><real>0.001241820165887475</real><real>-0.24830813705921173</real><real>0.96868020296096802</real></array><key>target</key><array><real>464333.02265930176</real><real>306589.64752197266</real><real>75.002708435058594</real></array><key>time</key><real>11.312082290649414</real><key>type</key><integer>0</integer></map></llsd>
<llsd><map><key>camera_origin</key><array><real>205.02198791503906</real><real>157.29182434082031</real><real>77.028068542480469</real></array><key>camera_view</key><real>1.0122665166854858</real><key>camera_xaxis</key><array><real>0.0048444308340549469</real><real>-0.96866810321807861</real><real>-0.24831125140190125</real></array><key>camera_yaxis</key><array><real>0.99998748302459717</real><real>0.0050010629929602146</real><real>-0</real></array><key>camera_zaxis</key><array><real>0.001241820165887475</real><real>-0.24830813705921173</real><real>0.96868020296096802</real></array><key>target</key><array><real>464333.03698730469</real><real>306586.2918548584</real><real>75.002708435058594</real></array><key>time</key><real>12.358743667602539</real><key>type</key><integer>0</integer></map></llsd>
<llsd><map><key>camera_origin</key><array><real>205.02871704101562</real><real>157.0072021484375</real><real>77.030532836914063</real></array><key>camera_view</key><real>1.0122665166854858</real><key>camera_xaxis</key><array><real>0.0048444308340549469</real><real>-0.96866810321807861</real><real>-0.24831125140190125</real></array><key>camera_yaxis</key><array><real>0.99998748302459717</real><real>0.0050010629929602146</real><real>-0</real></array><key>camera_zaxis</key><array><real>0.001241820165887475</real><real>-0.24830813705921173</real><real>0.96868020296096802</real></array><key>target</key><array><real>464333.04371643066</real><real>306586.00723266602</real><real>75.005172729492187</real></array><key>time</key><real>13.410893440246582</real><key>type</key><integer>0</integer></map></llsd>
<llsd><map><key>camera_origin</key><array><real>205.03671264648437</real><real>155.13468933105469</real><real>77.030532836914063</real></array><key>camera_view</key><real>1.0122665166854858</real><key>camera_xaxis</key><array><real>0.0048444308340549469</real><real>-0.96866810321807861</real><real>-0.24831125140190125</real></array><key>camera_yaxis</key><array><real>0.99998748302459717</real><real>0.0050010629929602146</real><real>-0</real></array><key>camera_zaxis</key><array><real>0.001241820165887475</real><real>-0.24830813705921173</real><real>0.96868020296096802</real></array><key>target</key><array><real>464333.05171203613</real><real>306584.13471984863</real><real>75.005172729492187</real></array><key>time</key><real>14.416118621826172</real><key>type</key><integer>0</integer></map></llsd>
<llsd><map><key>camera_origin</key><array><real>205.0450439453125</real><real>153.19012451171875</real><real>77.030532836914063</real></array><key>camera_view</key><real>1.0122665166854858</real><key>camera_xaxis</key><array><real>0.0048444308340549469</real><real>-0.96866810321807861</real><real>-0.24831125140190125</real></array><key>camera_yaxis</key><array><real>0.99998748302459717</real><real>0.0050010629929602146</real><real>-0</real></array><key>camera_zaxis</key><array><real>0.001241820165887475</real><real>-0.24830813705921173</real><real>0.96868020296096802</real></array><key>target</key><array><real>464333.06004333496</real><real>306582.1901550293</real><real>75.005172729492187</real></array><key>time</key><real>15.479447364807129</real><key>type</key><integer>0</integer></map></llsd>
<llsd><map><key>camera_origin</key><array><real>205.05372619628906</real><real>151.15866088867187</real><real>77.030532836914063</real></array><key>camera_view</key><real>1.0122665166854858</real><key>camera_xaxis</key><array><real>0.0048444308340549469</real><real>-0.96866810321807861</real><real>-0.24831125140190125</real></array><key>camera_yaxis</key><array><real>0.99998748302459717</real><real>0.0050010629929602146</real><real>-0</real></array><key>camera_zaxis</key><array><real>0.001241820165887475</real><real>-0.24830813705921173</real><real>0.96868020296096802</real></array><key>target</key><array><real>464333.06872558594</real><real>306580.15869140625</real><real>75.005172729492187</real></array><key>time</key><real>16.511056900024414</real><key>type</key><integer>0</integer></map></llsd>
<llsd><map><key>camera_origin</key><array><real>205.06178283691406</real><real>149.27090454101562</real><real>77.030532836914063</real></array><key>camera_view</key><real>1.0122665166854858</real><key>camera_xaxis</key><array><real>0.0048444308340549469</real><real>-0.96866810321807861</real><real>-0.24831125140190125</real></array><key>camera_yaxis</key><array><real>0.99998748302459717</real><real>0.0050010629929602146</real><real>-0</real></array><key>camera_zaxis</key><array><real>0.001241820165887475</real><real>-0.24830813705921173</real><real>0.96868020296096802</real></array><key>target</key><array><real>464333.07678222656</real><real>306578.27093505859</real><real>75.005172729492187</real></array><key>time</key><real>17.514188766479492</real><key>type</key><integer>0</integer></map></llsd>
<llsd><map><key>camera_origin</key><array><real>205.07002258300781</real><real>147.33995056152344</real><real>77.030532836914063</real></array><key>camera_view</key><real>1.0122665166854858</real><key>camera_xaxis</key><array><real>0.0048444308340549469</real><real>-0.96866810321807861</real><real>-0.24831125140190125</real></array><key>camera_yaxis</key><array><real>0.99998748302459717</real><real>0.0050010629929602146</real><real>-0</real></array><key>camera_zaxis</key><array><real>0.001241820165887475</real><real>-0.24830813705921173</real><real>0.96868020296096802</real></array><key>target</key><array><real>464333.08502197266</real><real>306576.3399810791</real><real>75.005172729492187</real></array><key>time</key><real>18.555543899536133</real><key>type</key><integer>0</integer></map></llsd>
<llsd><map><key>camera_origin</key><array><real>205.07853698730469</real><real>145.34222412109375</real><real>77.030532836914063</real></array><key>camera_view</key><real>1.0122665166854858</real><key>camera_xaxis</key><array><real>0.0048444308340549469</real><real>-0.96866810321807861</real><real>-0.24831125140190125</real></array><key>camera_yaxis</key><array><real>0.99998748302459717</real><real>0.0050010629929602146</real><real>-0</real></array><key>camera_zaxis</key><array><real>0.001241820165887475</real><real>-0.24830813705921173</real><real>0.96868020296096802</real></array><key>target</key><array><real>464333.09353637695</real><real>306574.34225463867</real><real>75.005172729492187</real></array><key>time</key><real>19.607000350952148</real><key>type</key><integer>0</integer></map></llsd>
<llsd><map><key>camera_origin</key><array><real>205.08633422851562</real><real>143.52200317382812</real><real>77.030532836914063</real></array><key>camera_view</key><real>1.0122665166854858</real><key>camera_xaxis</key><array><real>0.0048444308340549469</real><real>-0.96866810321807861</real><real>-0.24831125140190125</real></array><key>camera_yaxis</key><array><real>0.99998748302459717</real><real>0.0050010629929602146</real><real>-0</real></array><key>camera_zaxis</key><array><real>0.001241820165887475</real><real>-0.24830813705921173</real><real>0.96868020296096802</real></array><key>target</key><array><real>464333.10133361816</real><real>306572.52203369141</real><real>75.005172729492187</real></array><key>time</key><real>20.620307922363281</real><key>type</key><integer>0</integer></map></llsd>
<llsd><map><key>camera_origin</key><array><real>205.09469604492188</real><real>141.5650634765625</real><real>77.030532836914063</real></array><key>camera_view</key><real>1.0122665166854858</real><key>camera_xaxis</key><array><real>0.0048444308340549469</real><real>-0.96866810321807861</real><real>-0.24831125140190125</real></array><key>camera_yaxis</key><array><real>0.99998748302459717</real><real>0.0050010629929602146</real><real>-0</real></array><key>camera_zaxis</key><array><real>0.001241820165887475</real><real>-0.24830813705921173</real><real>0.96868020296096802</real></array><key>target</key><array><real>464333.10969543457</real><real>306570.56509399414</real><real>75.005172729492187</real></array><key>time</key><real>21.655294418334961</real><key>type</key><integer>0</integer></map></llsd>
<llsd><map><key>camera_origin</key><array><real>205.10292053222656</real><real>139.64251708984375</real><real>77.030532836914063</real></array><key>camera_view</key><real>1.0122665166854858</real><key>camera_xaxis</key><array><real>0.0048444308340549469</real><real>-0.96866810321807861</real><real>-0.24831125140190125</real></array><key>camera_yaxis</key><array><real>0.99998748302459717</real><real>0.0050010629929602146</real><real>-0</real></array><key>camera_zaxis</key><array><real>0.001241820165887475</real><real>-0.24830813705921173</real><real>0.96868020296096802</real></array><key>target</key><array><real>464333.11791992187</real><real>306568.64254760742</real><real>75.005172729492187</real></array><key>time</key><real>22.710203170776367</real><key>type</key><integer>0</integer></map></llsd>
<llsd><map><key>camera_origin</key><array><real>205.11180114746094</real><real>137.56721496582031</real><real>77.030532836914063</real></array><key>camera_view</key><real>1.0122665166854858</real><key>camera_xaxis</key><array><real>0.0048444308340549469</real><real>-0.96866810321807861</real><real>-0.24831125140190125</real></array><key>camera_yaxis</key><array><real>0.99998748302459717</real><real>0.0050010629929602146</real><real>-0</real></array><key>camera_zaxis</key><array><real>0.001241820165887475</real><real>-0.24830813705921173</real><real>0.96868020296096802</real></array><key>target</key><array><real>464333.12680053711</real><real>306566.5672454834</real><real>75.005172729492187</real></array><key>time</key><real>23.760169982910156</real><key>type</key><integer>0</integer></map></llsd>
<llsd><map><key>camera_origin</key><array><real>205.12010192871094</real><real>135.62228393554688</real><real>77.030532836914063</real></array><key>camera_view</key><real>1.0122665166854858</real><key>camera_xaxis</key><array><real>0.0048444308340549469</real><real>-0.96866810321807861</real><real>-0.24831125140190125</real></array><key>camera_yaxis</key><array><real>0.99998748302459717</real><real>0.0050010629929602146</real><real>-0</real></array><key>camera_zaxis</key><array><real>0.001241820165887475</real><real>-0.24830813705921173</real><real>0.96868020296096802</real></array><key>target</key><array><real>464333.13510131836</real><real>306564.62231445312</real><real>75.005172729492187</real></array><key>time</key><real>24.833354949951172</real><key>type</key><integer>0</integer></map></llsd>
<llsd><map><key>camera_origin</key><array><real>205.22187805175781</real><real>118.70571899414062</real><real>77.062339782714844</real></array><key>camera_view</key><real>1.0122665166854858</real><key>camera_xaxis</key><array><real>0.0048444396816194057</real><real>-0.96866804361343384</real><real>-0.24831171333789825</real></array><key>camera_yaxis</key><array><real>0.99998754262924194</real><real>0.0050010727718472481</real><real>-0</real></array><key>camera_zaxis</key><array><real>0.0012418249389156699</real><real>-0.24830861389636993</real><real>0.96868020296096802</real></array><key>target</key><array><real>464333.23687744141</real><real>306547.70575714111</real><real>75.036979675292969</real></array><key>time</key><real>25.906497955322266</real><key>type</key><integer>0</integer></map></llsd>
<llsd><map><key>camera_origin</key><array><real>205.23843383789063</real><real>116.050048828125</real><real>77.066886901855469</real></array><key>camera_view</key><real>1.0122665166854858</real><key>camera_xaxis</key><array><real>0.0048444396816194057</real><real>-0.96866804361343384</real><real>-0.24831171333789825</real></array><key>camera_yaxis</key><array><real>0.99998754262924194</real><real>0.0050010727718472481</real><real>-0</real></array><key>camera_zaxis</key><array><real>0.0012418249389156699</real><real>-0.24830861389636993</real><real>0.96868020296096802</real></array><key>target</key><array><real>464333.25343322754</real><real>306545.0500869751</real><real>75.041526794433594</real></array><key>time</key><real>26.907571792602539</real><key>type</key><integer>0</integer></map></llsd>
<llsd><map><key>camera_origin</key><array><real>203.66482543945312</real><real>115.33940124511719</real><real>77.066925048828125</real></array><key>camera_view</key><real>1.0122665166854858</real><key>camera_xaxis</key><array><real>0.63745272159576416</real><real>-0.72274720668792725</real><real>-0.26700294017791748</real></array><key>camera_yaxis</key><array><real>0.74997448921203613</real><real>0.66146677732467651</real><real>-0</real></array><key>camera_zaxis</key><array><real>0.17661356925964355</real><real>-0.20024539530277252</real><real>0.96369576454162598</real></array><key>target</key><array><real>464333.23895263672</real><real>306545.05004882812</real><real>75.04156494140625</real></array><key>time</key><real>27.92683219909668</real><key>type</key><integer>0</integer></map></llsd>
<llsd><map><key>camera_origin</key><array><real>203.33427429199219</real><real>111.38599395751953</real><real>77.066993713378906</real></array><key>camera_view</key><real>1.0122665166854858</real><key>camera_xaxis</key><array><real>0.61923676729202271</real><real>0.73100543022155762</real><real>-0.28666529059410095</real></array><key>camera_yaxis</key><array><real>-0.76302915811538696</real><real>0.64636415243148804</real><real>0</real></array><key>camera_zaxis</key><array><real>0.18529017269611359</real><real>0.21873398125171661</real><real>0.95803087949752808</real></array><key>target</key><array><real>464333.17778015137</real><real>306545.07222747803</real><real>75.041633605957031</real></array><key>time</key><real>28.956859588623047</real><key>type</key><integer>0</integer></map></llsd>
<llsd><map><key>camera_origin</key><array><real>204.95431518554687</real><real>110.13884735107422</real><real>77.06707763671875</real></array><key>camera_view</key><real>1.0122665166854858</real><key>camera_xaxis</key><array><real>0.052729036659002304</real><real>0.9661787748336792</real><real>-0.25242471694946289</real></array><key>camera_yaxis</key><array><real>-0.99851405620574951</real><real>0.054493729025125504</real><real>0</real></array><key>camera_zaxis</key><array><real>0.013755564577877522</real><real>0.25204962491989136</real><real>0.9676164984703064</real></array><key>target</key><array><real>464333.13960266113</real><real>306545.06392669678</real><real>75.041717529296875</real></array><key>time</key><real>30.033786773681641</real><key>type</key><integer>0</integer></map></llsd>
<llsd><map><key>camera_origin</key><array><real>205.099365234375</real><real>111.98082733154297</real><real>77.063827514648438</real></array><key>camera_view</key><real>1.0122665166854858</real><key>camera_xaxis</key><array><real>0.030160544440150261</real><real>0.96811646223068237</real><real>-0.24867831170558929</real></array><key>camera_yaxis</key><array><real>-0.99951505661010742</real><real>0.03113873116672039</real><real>0</real></array><key>camera_zaxis</key><array><real>0.0077435271814465523</real><real>0.24855771660804749</real><real>0.96858614683151245</real></array><key>target</key><array><real>464333.19482421875</real><real>306546.97302246094</real><real>75.038467407226562</real></array><key>time</key><real>31.038684844970703</real><key>type</key><integer>0</integer></map></llsd>
<llsd><map><key>camera_origin</key><array><real>205.20040893554687</real><real>115.21540069580078</real><real>77.057876586914063</real></array><key>camera_view</key><real>1.0122665166854858</real><key>camera_xaxis</key><array><real>0.028179656714200974</real><real>0.9682621955871582</real><real>-0.24834315478801727</real></array><key>camera_yaxis</key><array><real>-0.99957674741744995</real><real>0.029091015458106995</real><real>0</real></array><key>camera_zaxis</key><array><real>0.0072245546616613865</real><real>0.24823804199695587</real><real>0.96867215633392334</real></array><key>target</key><array><real>464333.28785705566</real><real>306550.2135848999</real><real>75.032516479492188</real></array><key>time</key><real>32.071891784667969</real><key>type</key><integer>0</integer></map></llsd>
<llsd><map><key>camera_origin</key><array><real>205.29177856445312</real><real>118.37318420410156</real><real>77.052093505859375</real></array><key>camera_view</key><real>1.0122665166854858</real><key>camera_xaxis</key><array><real>0.028006428852677345</real><real>0.96827447414398193</real><real>-0.24831454455852509</real></array><key>camera_yaxis</key><array><real>-0.99958193302154541</real><real>0.028911968693137169</real><real>0</real></array><key>camera_zaxis</key><array><real>0.0071792621165513992</real><real>0.24821072816848755</real><real>0.96867936849594116</real></array><key>target</key><array><real>464333.37852478027</real><real>306553.37187957764</real><real>75.0267333984375</real></array><key>time</key><real>33.109107971191406</real><key>type</key><integer>0</integer></map></llsd>
<llsd><map><key>camera_origin</key><array><real>205.38471984863281</real><real>121.60873413085937</real><real>77.046165466308594</real></array><key>camera_view</key><real>1.0122665166854858</real><key>camera_xaxis</key><array><real>0.027991360053420067</real><real>0.96827560663223267</real><real>-0.24831199645996094</real></array><key>camera_yaxis</key><array><real>-0.99958240985870361</real><real>0.02889639139175415</real><real>0</real></array><key>camera_zaxis</key><array><real>0.0071753207594156265</real><real>0.24820829927921295</real><real>0.96868014335632324</real></array><key>target</key><array><real>464333.4714050293</real><real>306556.60747528076</real><real>75.020805358886719</real></array><key>time</key><real>34.178680419921875</real><key>type</key><integer>0</integer></map></llsd>
<llsd><map><key>camera_origin</key><array><real>205.54884338378906</real><real>125.22673034667969</real><real>77.027069091796875</real></array><key>camera_view</key><real>1.0122665166854858</real><key>camera_xaxis</key><array><real>-0.0040967641398310661</real><real>0.96863329410552979</real><real>-0.24846062064170837</real></array><key>camera_yaxis</key><array><real>-0.99999105930328369</real><real>-0.0042293895967304707</real><real>0</real></array><key>camera_zaxis</key><array><real>-0.0010508367558941245</real><real>0.24845840036869049</real><real>0.96864193677902222</real></array><key>target</key><array><real>464333.57919311523</real><real>306560.22525024414</real><real>75.001708984375</real></array><key>time</key><real>35.276077270507813</real><key>type</key><integer>0</integer></map></llsd>
<llsd><map><key>camera_origin</key><array><real>205.66506958007812</real><real>128.99801635742187</real><real>77.030540466308594</real></array><key>camera_view</key><real>1.0122665166854858</real><key>camera_xaxis</key><array><real>-0.042584553360939026</real><real>0.96773701906204224</real><real>-0.24833783507347107</real></array><key>camera_yaxis</key><array><real>-0.99903321266174316</real><real>-0.043961718678474426</real><real>0</real></array><key>camera_zaxis</key><array><real>-0.010917358100414276</real><real>0.2480977475643158</real><real>0.96867352724075317</real></array><key>target</key><array><real>464333.53649902344</real><real>306563.99481201172</real><real>75.005180358886719</real></array><key>time</key><real>36.347011566162109</real><key>type</key><integer>0</integer></map></llsd>
<llsd><map><key>camera_origin</key><array><real>205.52206420898437</real><real>132.21018981933594</real><real>77.030540466308594</real></array><key>camera_view</key><real>1.0122665166854858</real><key>camera_xaxis</key><array><real>-0.045518137514591217</real><real>0.96760958433151245</real><real>-0.24831366539001465</real></array><key>camera_yaxis</key><array><real>-0.99889540672302246</real><real>-0.046989880502223969</real><real>0</real></array><key>camera_zaxis</key><array><real>-0.011668229475617409</real><real>0.24803937971591949</real><real>0.96867966651916504</real></array><key>target</key><array><real>464333.38136291504</real><real>306567.20684814453</real><real>75.005180358886719</real></array><key>time</key><real>37.416244506835938</real><key>type</key><integer>0</integer></map></llsd>
<llsd><map><key>camera_origin</key><array><real>205.2618408203125</real><real>135.80044555664062</real><real>77.030540466308594</real></array><key>camera_view</key><real>1.0122665166854858</real><key>camera_xaxis</key><array><real>0.023206599056720734</real><real>0.96839040517807007</real><real>-0.24835754930973053</real></array><key>camera_yaxis</key><array><real>-0.99971294403076172</real><real>0.023957215249538422</real><real>0</real></array><key>camera_zaxis</key><array><real>0.0059499554336071014</real><real>0.24828626215457916</real><real>0.96866840124130249</real></array><key>target</key><array><real>464333.32806396484</real><real>306570.79895019531</real><real>75.005180358886719</real></array><key>time</key><real>38.485546112060547</real><key>type</key><integer>0</integer></map></llsd>
<llsd><map><key>camera_origin</key><array><real>205.34402465820312</real><real>138.7265625</real><real>77.030540466308594</real></array><key>camera_view</key><real>1.0122665166854858</real><key>camera_xaxis</key><array><real>0.021913051605224609</real><real>0.96843123435974121</real><real>-0.24831590056419373</real></array><key>camera_yaxis</key><array><real>-0.99974411725997925</real><real>0.022621579468250275</real><real>0</real></array><key>camera_zaxis</key><array><real>0.0056172977201640606</real><real>0.24825236201286316</real><real>0.96867913007736206</real></array><key>target</key><array><real>464333.41262817383</real><real>306573.72570800781</real><real>75.005180358886719</real></array><key>time</key><real>39.567470550537109</real><key>type</key><integer>0</integer></map></llsd>
<llsd><map><key>camera_origin</key><array><real>205.42214965820312</real><real>142.12255859375</real><real>77.030540466308594</real></array><key>camera_view</key><real>1.0122665166854858</real><key>camera_xaxis</key><array><real>0.021258676424622536</real><real>0.96844673156738281</real><real>-0.24831229448318481</real></array><key>camera_yaxis</key><array><real>-0.99975919723510742</real><real>0.021946026012301445</real><real>0</real></array><key>camera_zaxis</key><array><real>0.005449468269944191</real><real>0.2482524961233139</real><real>0.96868008375167847</real></array><key>target</key><array><real>464333.48805236816</real><real>306577.12182617188</real><real>75.005180358886719</real></array><key>time</key><real>40.612739562988281</real><key>type</key><integer>0</integer></map></llsd>
<llsd><map><key>camera_origin</key><array><real>205.49362182617187</real><real>145.45553588867187</real><real>77.030540466308594</real></array><key>camera_view</key><real>1.0122665166854858</real><key>camera_xaxis</key><array><real>0.021203197538852692</real><real>0.96844810247421265</real><real>-0.24831169843673706</real></array><key>camera_yaxis</key><array><real>-0.99976038932800293</real><real>0.021888747811317444</real><real>0</real></array><key>camera_zaxis</key><array><real>0.0054352320730686188</real><real>0.24825219810009003</real><real>0.96868014335632324</real></array><key>target</key><array><real>464333.5592956543</real><real>306580.45481872559</real><real>75.005180358886719</real></array><key>time</key><real>41.661167144775391</real><key>type</key><integer>0</integer></map></llsd>
<llsd><map><key>camera_origin</key><array><real>205.56452941894531</real><real>148.77180480957031</real><real>77.030540466308594</real></array><key>camera_view</key><real>1.0122665166854858</real><key>camera_xaxis</key><array><real>0.021199503913521767</real><real>0.96844816207885742</real><real>-0.24831171333789825</real></array><key>camera_yaxis</key><array><real>-0.99976056814193726</real><real>0.021884936839342117</real><real>0</real></array><key>camera_zaxis</key><array><real>0.0054342863149940968</real><real>0.2482522577047348</real><real>0.96868026256561279</real></array><key>target</key><array><real>464333.63018798828</real><real>306583.77108764648</real><real>75.005180358886719</real></array><key>time</key><real>42.707698822021484</real><key>type</key><integer>0</integer></map></llsd>
<llsd><map><key>camera_origin</key><array><real>205.62893676757812</real><real>151.51889038085937</real><real>77.01953125</real></array><key>camera_view</key><real>1.0122665166854858</real><key>camera_xaxis</key><array><real>0.021195808425545692</real><real>0.96844816207885742</real><real>-0.24831171333789825</real></array><key>camera_yaxis</key><array><real>-0.99976056814193726</real><real>0.021881122142076492</real><real>0</real></array><key>camera_zaxis</key><array><real>0.0054333391599357128</real><real>0.2482522577047348</real><real>0.96868008375167847</real></array><key>target</key><array><real>464333.69458007813</real><real>306586.51817321777</real><real>74.994171142578125</real></array><key>time</key><real>43.799774169921875</real><key>type</key><integer>0</integer></map></llsd>
<llsd><map><key>camera_origin</key><array><real>205.69052124023437</real><real>154.34072875976562</real><real>77.028610229492188</real></array><key>camera_view</key><real>1.0122665166854858</real><key>camera_xaxis</key><array><real>0.021195808425545692</real><real>0.96844816207885742</real><real>-0.24831171333789825</real></array><key>camera_yaxis</key><array><real>-0.99976056814193726</real><real>0.021881122142076492</real><real>0</real></array><key>camera_zaxis</key><array><real>0.0054333391599357128</real><real>0.2482522577047348</real><real>0.96868008375167847</real></array><key>target</key><array><real>464333.75616455078</real><real>306589.34001159668</real><real>75.003250122070312</real></array><key>time</key><real>44.817615509033203</real><key>type</key><integer>0</integer></map></llsd>
<llsd><map><key>camera_origin</key><array><real>205.76254272460937</real><real>157.70759582519531</real><real>77.028724670410156</real></array><key>camera_view</key><real>1.0122665166854858</real><key>camera_xaxis</key><array><real>0.021195808425545692</real><real>0.96844816207885742</real><real>-0.24831171333789825</real></array><key>camera_yaxis</key><array><real>-0.99976056814193726</real><real>0.021881122142076492</real><real>0</real></array><key>camera_zaxis</key><array><real>0.0054333391599357128</real><real>0.2482522577047348</real><real>0.96868008375167847</real></array><key>target</key><array><real>464333.82818603516</real><real>306592.70687866211</real><real>75.003364562988281</real></array><key>time</key><real>45.905010223388672</real><key>type</key><integer>0</integer></map></llsd>
<llsd><map><key>camera_origin</key><array><real>205.83082580566406</real><real>160.90049743652344</real><real>77.028724670410156</real></array><key>camera_view</key><real>1.0122665166854858</real><key>camera_xaxis</key><array><real>0.021195808425545692</real><real>0.96844816207885742</real><real>-0.24831171333789825</real></array><key>camera_yaxis</key><array><real>-0.99976056814193726</real><real>0.021881122142076492</real><real>0</real></array><key>camera_zaxis</key><array><real>0.0054333391599357128</real><real>0.2482522577047348</real><real>0.96868008375167847</real></array><key>target</key><array><real>464333.89646911621</real><real>306595.89978027344</real><real>75.003364562988281</real></array><key>time</key><real>46.916828155517578</real><key>type</key><integer>0</integer></map></llsd>
<llsd><map><key>camera_origin</key><array><real>205.90388488769531</real><real>164.31893920898437</real><real>77.028724670410156</real></array><key>camera_view</key><real>1.0122665166854858</real><key>camera_xaxis</key><array><real>0.021195808425545692</real><real>0.96844816207885742</real><real>-0.24831171333789825</real></array><key>camera_yaxis</key><array><real>-0.99976056814193726</real><real>0.021881122142076492</real><real>0</real></array><key>camera_zaxis</key><array><real>0.0054333391599357128</real><real>0.2482522577047348</real><real>0.96868008375167847</real></array><key>target</key><array><real>464333.96952819824</real><real>306599.3182220459</real><real>75.003364562988281</real></array><key>time</key><real>47.982761383056641</real><key>type</key><integer>0</integer></map></llsd>
<llsd><map><key>camera_origin</key><array><real>205.97911071777344</real><real>167.8360595703125</real><real>77.028724670410156</real></array><key>camera_view</key><real>1.0122665166854858</real><key>camera_xaxis</key><array><real>0.021195808425545692</real><real>0.96844816207885742</real><real>-0.24831171333789825</real></array><key>camera_yaxis</key><array><real>-0.99976056814193726</real><real>0.021881122142076492</real><real>0</real></array><key>camera_zaxis</key><array><real>0.0054333391599357128</real><real>0.2482522577047348</real><real>0.96868008375167847</real></array><key>target</key><array><real>464334.04475402832</real><real>306602.83534240723</real><real>75.003364562988281</real></array><key>time</key><real>49.016258239746094</real><key>type</key><integer>0</integer></map></llsd>
<llsd><map><key>camera_origin</key><array><real>206.05833435058594</real><real>171.18223571777344</real><real>77.030540466308594</real></array><key>camera_view</key><real>1.0122665166854858</real><key>camera_xaxis</key><array><real>0.021195808425545692</real><real>0.96844816207885742</real><real>-0.24831171333789825</real></array><key>camera_yaxis</key><array><real>-0.99976056814193726</real><real>0.021881122142076492</real><real>0</real></array><key>camera_zaxis</key><array><real>0.0054333391599357128</real><real>0.2482522577047348</real><real>0.96868008375167847</real></array><key>target</key><array><real>464334.12397766113</real><real>306606.18151855469</real><real>75.005180358886719</real></array><key>time</key><real>50.065494537353516</real><key>type</key><integer>0</integer></map></llsd>
